1000 80000
82 58
4 380
36 126
29 72
95 53
87 380
70 45
76 217
5 16
12 112
30 259
78 14
72 102
92 333
90 280
54 113
58 302
36 415
1 389
21 358
55 175
36 80
28 491
98 173
14 48
49 50
46 434
45 310
34 414
6 374
59 275
16 499
49 41
71 151
81 317
47 296
25 361
9 24
85 117
99 149
11 438
30 444
13 195
36 233
82 428
47 84
48 182
27 344
35 360
88 332
10 312
82 88
69 374
32 84
60 195
35 474
82 353
72 113
88 167
99 398
8 118
5 413
41 206
35 34
28 468
73 449
92 162
28 336
64 203
83 235
19 136
18 127
96 288
69 135
96 300
55 460
75 205
47 113
18 261
64 47
97 25
15 79
81 82
88 217
77 33
50 196
77 240
68 129
71 441
2 349
93 59
88 454
69 385
35 394
83 175
15 151
56 81
59 2
93 449
93 135
65 391
23 260
14 446
81 153
82 260
78 102
20 192
98 83
70 489
100 473
68 471
1 307
42 251
3 58
47 450
40 123
8 124
73 485
11 44
94 249
9 390
69 393
17 66
85 244
71 85
34 271
78 217
28 476
70 387
94 354
26 366
40 205
86 333
48 225
67 232
16 127
29 33
44 11
76 284
30 302
29 4
10 363
81 31
30 35
5 441
43 37
66 122
36 343
63 110
70 68
93 479
74 296
61 125
61 414
53 98
13 50
85 221
46 217
53 240
94 28
87 335
83 51
8 207
94 174
14 128
25 98
69 230
18 217
24 143
60 128
10 227
71 51
7 334
70 429
2 497
12 475
97 435
31 86
53 249
62 110
52 463
8 85
49 2
50 136
59 147
55 357
94 402
72 339
92 250
20 98
38 112
8 297
95 278
8 383
41 30
7 300
62 258
68 81
8 492
66 42
24 36
77 35
87 442
31 207
16 483
73 127
75 305
6 318
11 215
85 299
73 268
41 479
34 105
86 367
41 123
34 203
17 344
83 154
59 162
97 480
10 5
59 319
73 52
10 276
28 260
34 68
45 452
9 451
32 190
37 81
57 427
70 361
39 314
84 271
2 342
71 154
85 54
18 136
15 456
14 381
71 80
35 145
78 108
92 176
27 352
82 437
34 259
63 129
7 48
82 217
36 23
1 171
99 67
82 135
21 380
57 283
91 219
72 5
15 39
89 463
20 280
5 428
48 299
71 76
56 66
6 158
47 461
6 461
46 108
88 128
86 53
46 400
72 453
53 499
80 384
20 474
31 443
21 500
23 452
53 13
23 378
43 401
53 411
86 443
95 416
32 137
21 404
90 56
49 447
5 440
61 114
26 419
59 180
40 421
30 115
4 338
25 205
43 143
9 496
99 143
45 329
66 205
87 432
69 170
4 60
34 92
75 493
34 20
14 306
56 177
94 403
41 224
78 262
15 198
74 98
33 23
91 224
1 267
69 352
93 482
95 378
86 101
47 221
9 486
86 472
43 320
41 340
16 369
39 260
40 342
53 168
52 357
38 284
17 99
54 341
49 347
96 463
23 316
73 155
52 281
1 156
37 108
56 403
75 311
84 165
60 227
57 346
28 262
61 407
95 87
85 44
37 264
85 325
80 172
12 420
97 121
87 159
29 413
26 76
4 24
32 244
79 436
99 38
59 213
81 295
25 368
90 197
64 205
32 76
84 353
1 458
97 441
99 454
14 399
55 113
23 412
90 266
60 26
72 128
16 234
18 411
60 342
68 287
77 163
97 457
57 314
93 457
65 219
71 229
21 381
61 231
34 385
32 431
82 142
99 399
67 249
81 123
36 226
10 366
37 121
35 172
41 458
70 42
18 78
30 197
89 79
91 110
9 213
53 170
70 239
54 32
27 427
54 200
99 300
90 11
98 295
49 245
1 483
46 153
97 200
54 276
96 377
70 410
78 460
29 250
29 140
56 249
4 200
44 343
87 409
52 371
22 431
60 471
17 319
69 14
51 304
73 340
4 43
83 220
18 444
60 94
7 134
49 168
28 233
42 173
98 451
49 143
97 488
54 130
11 241
3 384
70 27
45 115
84 36
100 491
84 21
97 16
32 103
3 319
20 123
17 243
86 59
73 486
28 239
90 132
99 189
22 311
78 494
96 368
15 399
21 494
40 56
75 14
40 295
87 465
49 204
92 102
10 304
89 426
81 125
14 357
99 155
88 308
16 408
73 401
6 178
69 220
85 190
9 260
83 175
2 435
54 422
63 55
56 492
47 326
59 363
20 223
23 376
67 495
84 139
79 414
69 397
62 239
56 423
94 304
35 166
32 426
12 143
58 125
97 238
73 313
86 195
44 15
64 436
42 94
63 109
46 409
34 175
36 451
77 360
36 285
2 265
25 44
31 369
53 251
72 389
31 354
61 331
92 252
58 406
3 48
38 114
52 355
32 157
85 298
48 243
71 272
45 218
96 282
43 181
90 233
35 157
33 119
16 370
25 162
16 381
69 487
98 354
24 99
28 379
62 142
93 302
98 269
77 145
13 427
25 152
30 185
23 155
2 363
69 65
36 24
7 284
38 358
17 327
97 252
14 447
2 294
37 241
62 226
44 95
7 130
62 59
9 206
63 38
74 323
88 28
20 77
73 486
39 44
32 61
72 392
54 311
77 405
80 116
100 268
49 231
57 153
76 220
40 292
80 31
79 492
95 51
98 107
81 109
34 339
11 81
31 89
71 39
21 2
53 231
89 305
61 150
5 119
37 362
37 360
59 37
88 120
34 404
81 302
85 412
26 218
15 279
29 332
20 466
35 424
19 37
8 85
40 305
96 423
73 472
37 225
16 240
89 156
90 207
35 257
70 253
57 42
77 21
56 377
42 310
33 14
12 118
87 429
74 301
3 392
87 421
35 296
6 391
97 90
61 266
84 227
36 93
75 224
82 417
63 497
12 241
45 210
43 165
86 54
21 169
53 356
64 148
85 484
52 417
98 282
5 233
12 162
33 166
15 497
99 207
66 423
1 337
70 237
53 28
25 266
47 319
97 256
81 227
98 27
27 137
71 68
37 225
90 249
16 15
81 312
31 364
21 160
71 8
71 209
12 116
15 237
16 332
20 256
92 150
66 362
35 213
62 242
32 234
71 75
50 98
77 261
96 451
18 443
9 142
99 405
54 175
65 137
1 145
93 153
76 297
85 251
20 229
69 248
45 171
71 391
70 194
59 478
42 446
25 358
31 293
50 120
100 211
6 163
96 243
91 468
49 198
85 406
84 78
64 494
5 65
65 495
76 170
13 448
57 52
68 467
59 8
93 74
53 446
84 497
20 39
61 401
34 174
80 355
51 333
11 437
43 437
87 440
69 195
41 321
92 455
98 250
70 19
80 36
31 324
88 472
37 117
96 47
56 51
98 325
91 447
13 228
22 356
39 463
4 24
42 408
8 151
46 192
56 75
32 272
53 290
88 406
24 88
23 41
79 446
49 318
88 124
64 468
75 74
30 237
82 131
59 131
86 5
60 462
37 347
70 81
10 227
45 301
39 328
55 354
33 234
39 102
50 437
62 55
31 196
74 184
74 152
90 152
3 425
85 203
36 5
73 443
88 399
96 499
7 467
78 382
64 427
37 398
30 311
46 113
82 98
80 129
87 387
93 393
85 349
18 322
13 463
81 331
6 159
57 18
75 187
94 68
12 466
38 168
96 213
23 103
17 403
70 449
47 272
65 468
35 426
22 132
62 496
38 383
44 412
15 240
10 73
97 495
29 441
87 371
87 204
72 188
12 405
51 8
34 275
16 233
48 345
96 345
34 300
49 422
82 482
48 56
87 120
61 13
80 453
72 168
79 114
83 33
82 422
60 466
90 155
84 210
15 72
6 485
5 156
64 60
13 121
69 70
50 233
48 344
96 357
70 215
76 381
94 80
54 336
13 427
63 316
53 481
36 17
89 190
28 228
57 487
31 438
47 51
88 189
70 462
83 184
8 204
36 98
16 486
59 47
85 109
83 328
77 498
3 26
43 125
17 403
73 106
9 425
98 284
27 301
28 417
30 169
100 76
77 2
36 440
19 67
70 129
23 57
85 444
4 68
2 184
31 302
42 9
23 136
7 65
95 216
68 59
96 33
61 230
100 186
66 304
14 232
65 114
79 23
94 402
85 267
39 235
83 494
4 32
62 434
52 219
88 56
63 365
57 38
11 165
78 76
9 65
36 320
82 300
71 365
42 196
77 272
38 233
65 310
56 51
90 59
84 334
99 283
93 444
28 221
58 455
30 212
44 424
59 205
54 374
13 161
55 161
86 131
48 489
20 352
61 35
12 426
11 48
56 50
96 379
48 416
17 285
8 301
72 288
43 344
16 211
46 448
86 482
97 217
93 27
37 308
40 181
14 296
65 109
20 337
62 115
14 180
72 189
15 391
36 294
29 414
55 433
72 499
99 420
80 315
87 330
72 14
78 476
85 425
89 137
4 93
35 360
98 159
44 180
1 93
19 290
85 206
9 73
95 325
4 47
96 272
28 193
54 233
44 81
48 160
