250 40000
82 58
4 380
36 126
29 72
95 53
87 380
70 45
76 217
5 16
12 112
30 259
78 14
72 102
92 333
90 280
54 113
58 302
36 415
1 389
21 358
55 175
36 80
28 491
98 173
14 48
49 50
46 434
45 310
34 414
6 374
59 275
16 499
49 41
71 151
81 317
47 296
25 361
9 24
85 117
99 149
11 438
30 444
13 195
36 233
82 428
47 84
48 182
27 344
35 360
88 332
10 312
82 88
69 374
32 84
60 195
35 474
82 353
72 113
88 167
99 398
8 118
5 413
41 206
35 34
28 468
73 449
92 162
28 336
64 203
83 235
19 136
18 127
96 288
69 135
96 300
55 460
75 205
47 113
18 261
64 47
97 25
15 79
81 82
88 217
77 33
50 196
77 240
68 129
71 441
2 349
93 59
88 454
69 385
35 394
83 175
15 151
56 81
59 2
93 449
93 135
65 391
23 260
14 446
81 153
82 260
78 102
20 192
98 83
70 489
100 473
68 471
1 307
42 251
3 58
47 450
40 123
8 124
73 485
11 44
94 249
9 390
69 393
17 66
85 244
71 85
34 271
78 217
28 476
70 387
94 354
26 366
40 205
86 333
48 225
67 232
16 127
29 33
44 11
76 284
30 302
29 4
10 363
81 31
30 35
5 441
43 37
66 122
36 343
63 110
70 68
93 479
74 296
61 125
61 414
53 98
13 50
85 221
46 217
53 240
94 28
87 335
83 51
8 207
94 174
14 128
25 98
69 230
18 217
24 143
60 128
10 227
71 51
7 334
70 429
2 497
12 475
97 435
31 86
53 249
62 110
52 463
8 85
49 2
50 136
59 147
55 357
94 402
72 339
92 250
20 98
38 112
8 297
95 278
8 383
41 30
7 300
62 258
68 81
8 492
66 42
24 36
77 35
87 442
31 207
16 483
73 127
75 305
6 318
11 215
85 299
73 268
41 479
34 105
86 367
41 123
34 203
17 344
83 154
59 162
97 480
10 5
59 319
73 52
10 276
28 260
34 68
45 452
9 451
32 190
37 81
57 427
70 361
39 314
84 271
2 342
71 154
85 54
18 136
15 456
14 381
71 80
35 145
78 108
92 176
27 352
82 437
34 259
63 129
7 48
82 217
