100 1000
82 58
4 380
36 126
29 72
95 53
87 380
70 45
76 217
5 16
12 112
30 259
78 14
72 102
92 333
90 280
54 113
58 302
36 415
1 389
21 358
55 175
36 80
28 491
98 173
14 48
49 50
46 434
45 310
34 414
6 374
59 275
16 499
49 41
71 151
81 317
47 296
25 361
9 24
85 117
99 149
11 438
30 444
13 195
36 233
82 428
47 84
48 182
27 344
35 360
88 332
10 312
82 88
69 374
32 84
60 195
35 474
82 353
72 113
88 167
99 398
8 118
5 413
41 206
35 34
28 468
73 449
92 162
28 336
64 203
83 235
19 136
18 127
96 288
69 135
96 300
55 460
75 205
47 113
18 261
64 47
97 25
15 79
81 82
88 217
77 33
50 196
77 240
68 129
71 441
2 349
93 59
88 454
69 385
35 394
83 175
15 151
56 81
59 2
93 449
93 135
